Date,,AAPL,MSFT,GOOG,GOOGL,AMZN,NVDA,TSLA,META,HSBC,LLY,TSM,V,UNH,XOM,JPM,WMT,NVO,JNJ
2018-01-02,AAPL,0.00016275694999850495,6.088507410486518e-05,9.019139996472561e-05,8.740714145418719e-05,0.0001114135254107382,0.00017548655238678855,0.00015434960721771144,0.00011680478186104496,3.204850113797317e-05,1.4843126072508805e-05,0.00010327093193890329,5.622797485431712e-05,1.2504050196538902e-05,2.915992206031959e-05,-7.199625669967819e-06,2.172417294289377e-05,5.358390975272102e-05,-6.9283003407262005e-06
2018-01-02,MSFT,6.088507410486518e-05,0.00014117865460817945,7.53402626633457e-05,7.35459415315266e-05,9.884923647174305e-05,0.00016025424191120594,0.00014092167635445775,9.227720934452919e-05,1.0210893459361015e-06,1.4195169893261447e-05,3.169598357780405e-05,9.016245690368394e-05,4.5705857939559514e-05,2.719675843869887e-06,-6.479785391062607e-06,2.087846039849435e-06,8.782187029107415e-05,5.360196832005664e-05
2018-01-02,GOOG,9.019139996472561e-05,7.53402626633457e-05,0.00012671900133124966,0.00012438544787761376,0.0001315677626268278,0.00017971689800520455,0.00013142195358263628,0.0001309924245551564,-3.2073785146929316e-06,1.3202516213458484e-05,4.7406235245837966e-05,7.314265886172725e-05,-6.916112421253467e-06,-6.6232020883710186e-06,-3.5793489740838826e-05,2.3011832295645398e-05,3.790623205914564e-05,9.902545075692365e-06
2018-01-02,GOOGL,8.740714145418719e-05,7.35459415315266e-05,0.00012438544787761376,0.0001242470310112831,0.00013130780061679155,0.00017754535862158608,0.00011654164853636527,0.00013246318934419002,-2.7785105351046013e-06,1.757282869679781e-05,4.3511134610038025e-05,7.074376318477388e-05,-7.05438644495421e-06,-7.97745104711266e-06,-4.199228858212218e-05,2.5892342327268534e-05,3.461248810625193e-05,9.208043056671859e-06
2018-01-02,AMZN,0.0001114135254107382,9.884923647174305e-05,0.0001315677626268278,0.00013130780061679155,0.00023988730885993772,0.00027089139407838596,0.00013219063383996537,0.0001764811860826007,4.415444751537948e-06,1.560105088862716e-05,7.78916832455834e-05,0.00011271143954515731,2.0572886223755858e-05,4.946303997906262e-06,-5.8956743743191955e-05,2.5156005140054317e-05,8.482265357789509e-05,1.722225065585658e-05
2018-01-02,NVDA,0.00017548655238678855,0.00016025424191120594,0.00017971689800520455,0.00017754535862158608,0.00027089139407838596,0.0005065426781345923,0.00017044229261884678,0.00025231216511249267,-1.2054766540332144e-07,-2.3364469811584705e-05,0.00016297345861589595,0.00015555720223983847,5.152376770046315e-06,1.192601663546288e-05,-7.187139524146361e-05,1.50560176421468e-05,0.00013908742533377396,-1.5075024218830593e-06
2018-01-02,TSLA,0.00015434960721771144,0.00014092167635445775,0.00013142195358263628,0.00011654164853636527,0.00013219063383996537,0.00017044229261884678,0.0005144096210657978,0.00014656564202014191,1.883333466281039e-05,5.258545182929467e-06,0.00010260923072735461,9.463265145138563e-05,5.259817435752351e-06,1.802556481979038e-05,1.203622557195135e-05,-3.17638119909075e-05,0.00016212005585448225,7.329344178872189e-05
2018-01-02,META,0.00011680478186104496,9.227720934452919e-05,0.0001309924245551564,0.00013246318934419002,0.0001764811860826007,0.00025231216511249267,0.00014656564202014191,0.00020858187043891344,-3.0763893754446165e-06,1.7378844990699792e-05,0.00010585659596491058,0.00010908498139063408,4.323073496757257e-06,7.402259552944822e-06,-5.618344953028766e-05,1.2472675168480342e-05,6.996306940507745e-05,9.827903646486934e-06
2018-01-02,HSBC,3.204850113797317e-05,1.0210893459361015e-06,-3.2073785146929316e-06,-2.7785105351046013e-06,4.415444751537948e-06,-1.2054766540332144e-07,1.883333466281039e-05,-3.0763893754446165e-06,7.655896775474355e-05,1.5095708118873519e-05,2.2453805481678694e-05,1.4686643751676e-06,1.4112424618376064e-05,2.919041739698769e-05,1.3078413916973707e-05,-7.735497427819537e-06,2.5243564102087472e-05,-2.0338780752174845e-06
2018-01-02,LLY,1.4843126072508805e-05,1.4195169893261447e-05,1.3202516213458484e-05,1.757282869679781e-05,1.560105088862716e-05,-2.3364469811584705e-05,5.258545182929467e-06,1.7378844990699792e-05,1.5095708118873519e-05,8.53546746831675e-05,1.9226690392409324e-06,5.578284591883603e-06,1.7046810384330962e-05,-1.6963556932067337e-06,6.623594934879371e-06,5.878442384776675e-05,-2.9107091210312715e-06,2.3401004435427223e-05
2018-01-02,TSM,0.00010327093193890329,3.169598357780405e-05,4.7406235245837966e-05,4.3511134610038025e-05,7.78916832455834e-05,0.00016297345861589595,0.00010260923072735461,0.00010585659596491058,2.2453805481678694e-05,1.9226690392409324e-06,0.0001756021648098532,4.6784555919808435e-05,-9.37414057323493e-06,2.644879404180891e-05,-1.2972080665106692e-05,1.974805624312348e-05,7.028857700840739e-05,-1.9358077499605752e-05
2018-01-02,V,5.622797485431712e-05,9.016245690368394e-05,7.314265886172725e-05,7.074376318477388e-05,0.00011271143954515731,0.00015555720223983847,9.463265145138563e-05,0.00010908498139063408,1.4686643751676e-06,5.578284591883603e-06,4.6784555919808435e-05,0.00010033195319429801,3.1798734998056656e-05,3.631480009282496e-06,-1.8995582135907733e-05,1.0116365244225214e-05,6.953258445813904e-05,2.425516532003051e-05
2018-01-02,UNH,1.2504050196538902e-05,4.5705857939559514e-05,-6.916112421253467e-06,-7.05438644495421e-06,2.0572886223755858e-05,5.152376770046315e-06,5.259817435752351e-06,4.323073496757257e-06,1.4112424618376064e-05,1.7046810384330962e-05,-9.37414057323493e-06,3.1798734998056656e-05,0.0001048373580605947,3.0576122310187586e-05,4.3581884193563115e-05,1.8275176098283935e-05,3.8317077216778435e-05,2.322420140355491e-05
2018-01-02,XOM,2.915992206031959e-05,2.719675843869887e-06,-6.6232020883710186e-06,-7.97745104711266e-06,4.946303997906262e-06,1.192601663546288e-05,1.802556481979038e-05,7.402259552944822e-06,2.919041739698769e-05,-1.6963556932067337e-06,2.644879404180891e-05,3.631480009282496e-06,3.0576122310187586e-05,5.292405803377562e-05,3.661257297615362e-05,-2.6745743686459625e-05,3.410086469702819e-06,-6.3159727505250255e-06
2018-01-02,JPM,-7.199625669967819e-06,-6.479785391062607e-06,-3.5793489740838826e-05,-4.199228858212218e-05,-5.8956743743191955e-05,-7.187139524146361e-05,1.203622557195135e-05,-5.618344953028766e-05,1.3078413916973707e-05,6.623594934879371e-06,-1.2972080665106692e-05,-1.8995582135907733e-05,4.3581884193563115e-05,3.661257297615362e-05,0.00011938266722126643,-1.6794517805496653e-06,7.790329451199918e-06,1.86227388304761e-05
2018-01-02,WMT,2.172417294289377e-05,2.087846039849435e-06,2.3011832295645398e-05,2.5892342327268534e-05,2.5156005140054317e-05,1.50560176421468e-05,-3.17638119909075e-05,1.2472675168480342e-05,-7.735497427819537e-06,5.878442384776675e-05,1.974805624312348e-05,1.0116365244225214e-05,1.8275176098283935e-05,-2.6745743686459625e-05,-1.6794517805496653e-06,0.0001700568436600356,3.386944124248126e-05,8.582917398283054e-07
2018-01-02,NVO,5.358390975272102e-05,8.782187029107415e-05,3.790623205914564e-05,3.461248810625193e-05,8.482265357789509e-05,0.00013908742533377396,0.00016212005585448225,6.996306940507745e-05,2.5243564102087472e-05,-2.9107091210312715e-06,7.028857700840739e-05,6.953258445813904e-05,3.8317077216778435e-05,3.410086469702819e-06,7.790329451199918e-06,3.386944124248126e-05,0.0002380643339812066,4.093143374348559e-05
2018-01-02,JNJ,-6.9283003407262005e-06,5.360196832005664e-05,9.902545075692365e-06,9.208043056671859e-06,1.722225065585658e-05,-1.5075024218830593e-06,7.329344178872189e-05,9.827903646486934e-06,-2.0338780752174845e-06,2.3401004435427223e-05,-1.9358077499605752e-05,2.425516532003051e-05,2.322420140355491e-05,-6.3159727505250255e-06,1.86227388304761e-05,8.582917398283054e-07,4.093143374348559e-05,5.367636350386658e-05
2018-01-03,AAPL,0.00016890036784969814,6.25095096537276e-05,8.730479097668716e-05,8.449396969711306e-05,0.00011317577148521577,0.00015615640445786945,0.00015200191758861845,0.00011445470779503799,3.633561635425361e-05,6.634781067790408e-06,0.00010094773546579773,5.47322124227114e-05,1.1176718196454229e-05,3.325288293050133e-05,-7.528150750960625e-06,-2.859451628482728e-05,4.6232877960930675e-05,-6.178662960474227e-06
2018-01-03,MSFT,6.25095096537276e-05,0.0001417004474211099,7.632544351106022e-05,7.486380844339589e-05,0.00010258542403396444,0.000148243285544941,0.00013319517336349255,9.23542337031911e-05,4.1716225779618846e-07,1.528401339051625e-05,3.292584934742727e-05,8.981399044645256e-05,4.736919067844429e-05,5.495660860604622e-06,-6.8804734127108e-06,-2.1481258273831045e-06,9.040289959014667e-05,5.45811690545925e-05
2018-01-03,GOOG,8.730479097668716e-05,7.632544351106022e-05,0.0001304195347454759,0.00012882018252482525,0.00013852036526133197,0.0001878510501707302,0.00011638632518873166,0.00013465880164495082,-5.279680676592019e-06,1.0307812166409646e-05,5.118857847223323e-05,7.361607919525582e-05,-3.9288160650855585e-06,9.620325659477779e-06,-3.754556652342801e-05,8.067762102453871e-07,3.6544181039108205e-05,1.707413881536341e-05
2018-01-03,GOOGL,8.449396969711306e-05,7.486380844339589e-05,0.00012882018252482525,0.00012940246692856814,0.00013895979660097127,0.00018793474569423038,0.00010222847685820254,0.00013688642036822858,-4.9783243889874865e-06,1.49794742186208e-05,4.769213490132937e-05,7.159164910086034e-05,-3.936263039250858e-06,9.070312399700919e-06,-4.40558658816685e-05,6.705403222286013e-06,3.325737656890875e-05,1.6767347573171356e-05
2018-01-03,AMZN,0.00011317577148521577,0.00010258542403396444,0.00013852036526133197,0.00013895979660097127,0.00025571518791086677,0.0002721218454688474,0.00012185068828192368,0.0001835460634947475,2.7345153465671383e-06,1.3530935588900053e-05,8.327294746353918e-05,0.0001156997725717618,2.417723270834711e-05,1.901824114185354e-05,-6.288093421902768e-05,1.298368083345252e-05,8.696128636753164e-05,2.4086836381668353e-05
2018-01-03,NVDA,0.00015615640445786945,0.000148243285544941,0.0001878510501707302,0.00018793474569423038,0.0002721218454688474,0.0005068143524804959,0.00011872994309224016,0.0002519013902598771,-1.3452790713379678e-05,-1.4820144049330224e-05,0.00017108077895971237,0.00014825451539084652,1.9221915268086505e-05,5.199277174418401e-05,-6.910378305489701e-05,1.5065246020430963e-05,0.00014191314163241917,2.120159670917161e-05
2018-01-03,TSLA,0.00015200191758861845,0.00013319517336349255,0.00011638632518873166,0.00010222847685820254,0.00012185068828192368,0.00011872994309224016,0.0004753971567181645,0.00012894601021162802,2.1937922513046188e-05,1.4125979063091494e-07,9.011059709190123e-05,8.58675780874765e-05,1.2824322157121036e-06,8.920113328978876e-06,1.2693913226992625e-05,-0.00011747707960021646,0.00015189726414253788,6.49907785039331e-05
2018-01-03,META,0.00011445470779503799,9.23542337031911e-05,0.00013465880164495082,0.00013688642036822858,0.0001835460634947475,0.0002519013902598771,0.00012894601021162802,0.00020938380302417772,-5.8663266685430115e-06,1.648559681616467e-05,0.00010961172463248723,0.00010845273030751883,8.011282579104508e-06,2.243129965036835e-05,-5.7738468291552185e-05,-1.4686181624246885e-05,7.053206790524482e-05,1.7134892114842837e-05
2018-01-03,HSBC,3.633561635425361e-05,4.1716225779618846e-07,-5.279680676592019e-06,-4.9783243889874865e-06,2.7345153465671383e-06,-1.3452790713379678e-05,2.1937922513046188e-05,-5.8663266685430115e-06,7.722158931409885e-05,1.894391226063103e-05,2.0962731124094074e-05,8.596105848881933e-07,1.3098459439577956e-05,1.970361087927582e-05,1.3887562925902289e-05,1.2941277076616845e-05,2.7505845176180546e-05,-5.402863320365015e-06
2018-01-03,LLY,6.634781067790408e-06,1.528401339051625e-05,1.0307812166409646e-05,1.49794742186208e-05,1.3530935588900053e-05,-1.4820144049330224e-05,1.4125979063091494e-07,1.648559681616467e-05,1.894391226063103e-05,8.901338514115303e-05,-3.1621563923420406e-06,3.3680949955925234e-06,1.8092771572182467e-05,1.0882712128089198e-05,7.087193939893282e-06,5.334367024128664e-05,-1.6329630715586552e-05,2.9688700306506928e-05
2018-01-03,TSM,0.00010094773546579773,3.292584934742727e-05,5.118857847223323e-05,4.769213490132937e-05,8.327294746353918e-05,0.00017108077895971237,9.011059709190123e-05,0.00010961172463248723,2.0962731124094074e-05,-3.1621563923420406e-06,0.00017849390713449984,4.7422742077784544e-05,-7.02633615158273e-06,3.9935958014953876e-05,-1.4297010551238335e-05,-1.734269270848836e-05,6.858588963004202e-05,-1.2261668168474139e-05
2018-01-03,V,5.47322124227114e-05,8.981399044645256e-05,7.361607919525582e-05,7.159164910086034e-05,0.0001156997725717618,0.00014825451539084652,8.58675780874765e-05,0.00010845273030751883,8.596105848881933e-07,3.3680949955925234e-06,4.7422742077784544e-05,9.86924302880765e-05,3.317604301412589e-05,1.0451252551380066e-05,-1.9717569865157407e-05,-7.460476506754124e-06,6.872136450348941e-05,2.6950966144118306e-05
2018-01-03,UNH,1.1176718196454229e-05,4.736919067844429e-05,-3.9288160650855585e-06,-3.936263039250858e-06,2.417723270834711e-05,1.9221915268086505e-05,1.2824322157121036e-06,8.011282579104508e-06,1.3098459439577956e-05,1.8092771572182467e-05,-7.02633615158273e-06,3.317604301412589e-05,0.0001105702432397708,3.5934263498470275e-05,4.4993949713247715e-05,3.236259506286684e-05,4.015289105781537e-05,2.679811265667632e-05
2018-01-03,XOM,3.325288293050133e-05,5.495660860604622e-06,9.620325659477779e-06,9.070312399700919e-06,1.901824114185354e-05,5.199277174418401e-05,8.920113328978876e-06,2.243129965036835e-05,1.970361087927582e-05,1.0882712128089198e-05,3.9935958014953876e-05,1.0451252551380066e-05,3.5934263498470275e-05,5.512475757720434e-05,3.346401108030105e-05,1.1671382250136311e-05,1.9201420776412467e-05,8.009781074307232e-07
2018-01-03,JPM,-7.528150750960625e-06,-6.8804734127108e-06,-3.754556652342801e-05,-4.40558658816685e-05,-6.288093421902768e-05,-6.910378305489701e-05,1.2693913226992625e-05,-5.7738468291552185e-05,1.3887562925902289e-05,7.087193939893282e-06,-1.4297010551238335e-05,-1.9717569865157407e-05,4.4993949713247715e-05,3.346401108030105e-05,0.00012552358157214515,-4.728224101668649e-06,7.5722529420542526e-06,1.8105034798345534e-05
2018-01-03,WMT,-2.859451628482728e-05,-2.1481258273831045e-06,8.067762102453871e-07,6.705403222286013e-06,1.298368083345252e-05,1.5065246020430963e-05,-0.00011747707960021646,-1.4686181624246885e-05,1.2941277076616845e-05,5.334367024128664e-05,-1.734269270848836e-05,-7.460476506754124e-06,3.236259506286684e-05,1.1671382250136311e-05,-4.728224101668649e-06,0.00016993962603089108,-3.878220713763919e-05,2.4217392328000347e-05
2018-01-03,NVO,4.6232877960930675e-05,9.040289959014667e-05,3.6544181039108205e-05,3.325737656890875e-05,8.696128636753164e-05,0.00014191314163241917,0.00015189726414253788,7.053206790524482e-05,2.7505845176180546e-05,-1.6329630715586552e-05,6.858588963004202e-05,6.872136450348941e-05,4.015289105781537e-05,1.9201420776412467e-05,7.5722529420542526e-06,-3.878220713763919e-05,0.00023850453069445518,4.765056782031965e-05
2018-01-03,JNJ,-6.178662960474227e-06,5.45811690545925e-05,1.707413881536341e-05,1.6767347573171356e-05,2.4086836381668353e-05,2.120159670917161e-05,6.49907785039331e-05,1.7134892114842837e-05,-5.402863320365015e-06,2.9688700306506928e-05,-1.2261668168474139e-05,2.6950966144118306e-05,2.679811265667632e-05,8.009781074307232e-07,1.8105034798345534e-05,2.4217392328000347e-05,4.765056782031965e-05,5.667745132193022e-05
2018-01-04,AAPL,0.00017693033470413724,6.334523404953181e-05,9.169637317725465e-05,8.817117405448385e-05,0.00011885357004409423,0.0001607513439992209,0.0001574318182278364,0.00011657080512283188,3.681620375216654e-05,5.198341706267031e-06,0.00010232593205145161,5.601548376684157e-05,1.0102078247629744e-05,3.337114139814532e-05,-7.507861949245656e-06,-5.026389618607842e-05,4.810590240704715e-05,-9.195343597219352e-06
2018-01-04,MSFT,6.334523404953181e-05,0.0001425471989977596,7.628884980563612e-05,7.467093650780075e-05,0.00010460061574224894,0.0001506279880300239,0.00013659437152824318,9.162165195035545e-05,-5.948061398251916e-07,1.3134780924118819e-05,3.19629878698167e-05,9.086880314580175e-05,4.630780579948304e-05,2.5118017160196814e-06,-6.858775298852731e-06,-2.299231242697268e-05,9.271143362929867e-05,5.450433280976466e-05
2018-01-04,GOOG,9.169637317725465e-05,7.628884980563612e-05,0.000138664516804215,0.00013638955615129827,0.00014771856382537777,0.00020069333197351012,0.00013014988126216416,0.00014221850392990011,-7.163400247299134e-06,5.0058524706563145e-06,5.409333177375703e-05,7.564701559660616e-05,-8.705639357126294e-06,5.947113842229371e-06,-4.410891679758457e-05,-3.136873227475024e-05,4.400790098931961e-05,1.3680987788528334e-05
2018-01-04,GOOGL,8.817117405448385e-05,7.467093650780075e-05,0.00013638955615129827,0.00013651316704899437,0.00014735240609456356,0.00019874808480207088,0.00011294906401606753,0.00014323419277269714,-6.639906433577678e-06,1.0844193491573189e-05,4.974370059270656e-05,7.321631582693673e-05,-8.156957947734776e-06,5.6805172571863476e-06,-5.00057687900817e-05,-2.0202799900629855e-05,3.9354506770883764e-05,1.3676081847881365e-05
2018-01-04,AMZN,0.00011885357004409423,0.00010460061574224894,0.00014771856382537777,0.00014735240609456356,0.0002745535971503696,0.00028440027349457397,0.00013071514718500385,0.00019091957587613734,1.8323857734955325e-06,1.0657085128512427e-05,8.605661982998396e-05,0.0001215078262267231,2.2766627586488252e-05,1.7353362979385262e-05,-6.812774793154011e-05,-5.182460799285182e-06,9.364854979038816e-05,2.2641481757604145e-05
2018-01-04,NVDA,0.0001607513439992209,0.0001506279880300239,0.00020069333197351012,0.00019874808480207088,0.00028440027349457397,0.0005074493386678628,0.00011833871471857074,0.0002530014132638079,-1.3698152887955932e-05,-1.5096492941696382e-05,0.00016977806391724103,0.0001539277248029846,1.951243290514383e-05,5.3690775610602365e-05,-6.860342131453681e-05,1.6696133115827152e-05,0.0001410235404750769,2.1813886218335325e-05
2018-01-04,TSLA,0.0001574318182278364,0.00013659437152824318,0.00013014988126216416,0.00011294906401606753,0.00013071514718500385,0.00011833871471857074,0.00048144798677682467,0.0001329483994551952,2.30594280353402e-05,1.787109179058048e-06,9.187342661210708e-05,9.239760721592216e-05,2.9156698186162604e-06,1.2137337568507072e-05,1.1283530791177326e-05,-0.0001319891067786635,0.0001532253970482545,7.202938795677464e-05
2018-01-04,META,0.00011657080512283188,9.162165195035545e-05,0.00014221850392990011,0.00014323419277269714,0.00019091957587613734,0.0002530014132638079,0.0001329483994551952,0.00021189684409294514,-6.257882253586995e-06,1.5024851917175737e-05,0.00011036529608795588,0.00011173196793008843,6.840686220788573e-06,2.2512536313015717e-05,-6.11003681227866e-05,-2.670805392035518e-05,7.338797927700909e-05,1.6917539534706226e-05
2018-01-04,HSBC,3.681620375216654e-05,-5.948061398251916e-07,-7.163400247299134e-06,-6.639906433577678e-06,1.8323857734955325e-06,-1.3698152887955932e-05,2.30594280353402e-05,-6.257882253586995e-06,7.792927298849644e-05,1.8862119068203675e-05,2.1046556063241844e-05,2.995441527067307e-08,1.2746987504895982e-05,2.0068309205459937e-05,1.3436372947878907e-05,1.2020172000350201e-05,2.8548768965685474e-05,-6.439903188169841e-06
2018-01-04,LLY,5.198341706267031e-06,1.3134780924118819e-05,5.0058524706563145e-06,1.0844193491573189e-05,1.0657085128512427e-05,-1.5096492941696382e-05,1.787109179058048e-06,1.5024851917175737e-05,1.8862119068203675e-05,9.328533293708472e-05,-4.225088590625378e-06,-3.4750915217339477e-08,1.6658338812430283e-05,8.641999662459559e-06,6.959864592938697e-06,4.9410607413109735e-05,-1.5290881840871668e-05,2.8970090759835498e-05
2018-01-04,TSM,0.00010232593205145161,3.19629878698167e-05,5.409333177375703e-05,4.974370059270656e-05,8.605661982998396e-05,0.00016977806391724103,9.187342661210708e-05,0.00011036529608795588,2.1046556063241844e-05,-4.225088590625378e-06,0.0001778675151460929,4.8733257850908996e-05,-7.503446018876089e-06,4.160858134602656e-05,-1.621775518289836e-05,-2.2340579215779384e-05,6.98894645832216e-05,-1.2828932479300816e-05
2018-01-04,V,5.601548376684157e-05,9.086880314580175e-05,7.564701559660616e-05,7.321631582693673e-05,0.0001215078262267231,0.0001539277248029846,9.239760721592216e-05,0.00011173196793008843,2.995441527067307e-08,-3.4750915217339477e-08,4.8733257850908996e-05,0.00010300740867734297,3.247825639647952e-05,8.511843691503298e-06,-2.2525281652731654e-05,-2.8599876139126074e-05,7.414921381991597e-05,2.6262210362212994e-05
2018-01-04,UNH,1.0102078247629744e-05,4.630780579948304e-05,-8.705639357126294e-06,-8.156957947734776e-06,2.2766627586488252e-05,1.951243290514383e-05,2.9156698186162604e-06,6.840686220788573e-06,1.2746987504895982e-05,1.6658338812430283e-05,-7.503446018876089e-06,3.247825639647952e-05,0.00011228068903442613,3.6010134087740764e-05,4.535872146881302e-05,2.768981844166753e-05,4.2457385312707485e-05,2.632963048114536e-05
2018-01-04,XOM,3.337114139814532e-05,2.5118017160196814e-06,5.947113842229371e-06,5.6805172571863476e-06,1.7353362979385262e-05,5.3690775610602365e-05,1.2137337568507072e-05,2.2512536313015717e-05,2.0068309205459937e-05,8.641999662459559e-06,4.160858134602656e-05,8.511843691503298e-06,3.6010134087740764e-05,5.8001546370606557e-05,3.307096557130562e-05,1.3392273125666881e-06,2.2805573362872032e-05,-1.429975451361915e-06
2018-01-04,JPM,-7.507861949245656e-06,-6.858775298852731e-06,-4.410891679758457e-05,-5.00057687900817e-05,-6.812774793154011e-05,-6.860342131453681e-05,1.1283530791177326e-05,-6.11003681227866e-05,1.3436372947878907e-05,6.959864592938697e-06,-1.621775518289836e-05,-2.2525281652731654e-05,4.535872146881302e-05,3.307096557130562e-05,0.00013167570192825805,-1.80591974615934e-05,6.21150002886767e-06,1.685320084483963e-05
2018-01-04,WMT,-5.026389618607842e-05,-2.299231242697268e-05,-3.136873227475024e-05,-2.0202799900629855e-05,-5.182460799285182e-06,1.6696133115827152e-05,-0.0001319891067786635,-2.670805392035518e-05,1.2020172000350201e-05,4.9410607413109735e-05,-2.2340579215779384e-05,-2.8599876139126074e-05,2.768981844166753e-05,1.3392273125666881e-06,-1.80591974615934e-05,0.0001705755870354618,-3.258545978103283e-05,1.5653819405650195e-05
2018-01-04,NVO,4.810590240704715e-05,9.271143362929867e-05,4.400790098931961e-05,3.9354506770883764e-05,9.364854979038816e-05,0.0001410235404750769,0.0001532253970482545,7.338797927700909e-05,2.8548768965685474e-05,-1.5290881840871668e-05,6.98894645832216e-05,7.414921381991597e-05,4.2457385312707485e-05,2.2805573362872032e-05,6.21150002886767e-06,-3.258545978103283e-05,0.0002390721453470987,5.337587149935032e-05
2018-01-04,JNJ,-9.195343597219352e-06,5.450433280976466e-05,1.3680987788528334e-05,1.3676081847881365e-05,2.2641481757604145e-05,2.1813886218335325e-05,7.202938795677464e-05,1.6917539534706226e-05,-6.439903188169841e-06,2.8970090759835498e-05,-1.2828932479300816e-05,2.6262210362212994e-05,2.632963048114536e-05,-1.429975451361915e-06,1.685320084483963e-05,1.5653819405650195e-05,5.337587149935032e-05,6.028934439347102e-05
2018-01-05,AAPL,0.00017820334911052002,6.668063022216516e-05,9.783316073142133e-05,9.400888640146237e-05,0.0001245787566857923,0.00016306873587616726,0.00017221907999703763,0.00011976878689134154,3.448484828231587e-05,1.258177535993117e-05,0.0001072282241356326,6.172901804354949e-05,1.6248938628503282e-05,3.1750104201208764e-05,-1.1612274081831288e-05,-4.3838509225691165e-05,5.0820149061441546e-05,-4.875934698001954e-06
2018-01-05,MSFT,6.668063022216516e-05,0.00014378579095383035,8.159004673790601e-05,7.97608673706379e-05,0.00010967844805446189,0.00015232601312076824,0.00015113471987081195,9.464999645901954e-05,-2.1519594218994274e-06,1.8431054311639797e-05,3.793812636625107e-05,9.389502575096348e-05,4.941504977653039e-05,1.140966292216306e-06,-1.0356799356731732e-05,-1.8380236274599603e-05,9.461203972031511e-05,5.664663683721099e-05
2018-01-05,GOOG,9.783316073142133e-05,8.159004673790601e-05,0.00014840805238245029,0.0001459086892707989,0.00015678649404288162,0.00020807447771482163,0.0001449458288765782,0.00014861194443527536,-9.629242257144907e-06,1.3530868625466777e-05,6.352736270376016e-05,8.313308360226689e-05,-1.0602618352051135e-06,4.300176798282093e-06,-4.909165282966153e-05,-2.561435169312875e-05,4.859929308720841e-05,1.8122906552869164e-05
2018-01-05,GOOGL,9.400888640146237e-05,7.97608673706379e-05,0.0001459086892707989,0.00014593147579870441,0.00015601730536617394,0.0002066830994081818,0.0001258331376143659,0.00014956484952279763,-8.916920569589481e-06,1.849374691194003e-05,5.8480324281748985e-05,8.01559339531375e-05,-1.3159091797914425e-06,4.264260220491762e-06,-5.472595624340259e-05,-1.5172061750989977e-05,4.390921528273872e-05,1.769274991975266e-05
2018-01-05,AMZN,0.0001245787566857923,0.00010967844805446189,0.00015678649404288162,0.00015601730536617394,0.0002809136085605858,0.0002906419259064004,0.00014030358636713504,0.00019567682301729599,-1.383369455606457e-06,2.187951057486188e-05,9.690194484015024e-05,0.00012871840088487022,3.127045235568689e-05,1.533265988296189e-05,-7.292439123039653e-05,2.0701083007911795e-06,0.00010026160410563752,2.781790355041158e-05
2018-01-05,NVDA,0.00016306873587616726,0.00015232601312076824,0.00020807447771482163,0.0002066830994081818,0.0002906419259064004,0.0005068321104272334,0.0001420092643594602,0.0002555796645567814,-1.4385188916100222e-05,-1.1941150425694363e-05,0.00016862266051359946,0.00015468324415703833,2.278206827009718e-05,5.2961010324988e-05,-7.363582136000403e-05,2.0165809989245473e-05,0.00013907059210118957,2.458922066859999e-05
2018-01-05,TSLA,0.00017221907999703763,0.00015113471987081195,0.0001449458288765782,0.0001258331376143659,0.00014030358636713504,0.0001420092643594602,0.0005610669630410405,0.00014572378214615855,2.328215231439693e-05,8.97109207588085e-06,0.000105540924829515,0.00010252156811855595,6.068272816097767e-06,1.4035732772231486e-05,1.4963725406147137e-05,-0.00014214934082048042,0.00018290803527475904,7.891862607047304e-05
2018-01-05,META,0.00011976878689134154,9.464999645901954e-05,0.00014861194443527536,0.00014956484952279763,0.00019567682301729599,0.0002555796645567814,0.00014572378214615855,0.00021381333117600018,-8.288718366556025e-06,2.196445274897644e-05,0.00011527035074473141,0.00011552767134669232,1.3029436522682076e-05,2.104946382850013e-05,-6.473024151004475e-05,-2.1147356691051593e-05,7.663642441480192e-05,2.0527505630922455e-05
2018-01-05,HSBC,3.448484828231587e-05,-2.1519594218994274e-06,-9.629242257144907e-06,-8.916920569589481e-06,-1.383369455606457e-06,-1.4385188916100222e-05,2.328215231439693e-05,-8.288718366556025e-06,7.942820506101259e-05,1.6144928965223885e-05,1.764852575073361e-05,-2.6126441013276548e-06,1.0113085597377307e-05,2.1142259869303026e-05,1.5307631300026538e-05,1.0130539948502769e-05,2.9051767412282992e-05,-7.851693829880602e-06
2018-01-05,LLY,1.258177535993117e-05,1.8431054311639797e-05,1.3530868625466777e-05,1.849374691194003e-05,2.187951057486188e-05,-1.1941150425694363e-05,8.97109207588085e-06,2.196445274897644e-05,1.6144928965223885e-05,9.614309997629606e-05,6.867183175930654e-06,9.814604484470989e-06,2.37975542756076e-05,6.1164099172534906e-06,4.859872339952214e-07,5.3963341621630444e-05,-1.4320109925750528e-05,3.307836043269718e-05
2018-01-05,TSM,0.0001072282241356326,3.793812636625107e-05,6.352736270376016e-05,5.8480324281748985e-05,9.690194484015024e-05,0.00016862266051359946,0.000105540924829515,0.00011527035074473141,1.764852575073361e-05,6.867183175930654e-06,0.0001805391224237358,5.818658350567506e-05,3.30938833884594e-06,3.7994067822247454e-05,-2.3351417128942082e-05,-1.311072796495612e-05,6.993558914414372e-05,-5.660966287810349e-06
2018-01-05,V,6.172901804354949e-05,9.389502575096348e-05,8.313308360226689e-05,8.01559339531375e-05,0.00012871840088487022,0.00015468324415703833,0.00010252156811855595,0.00011552767134669232,-2.6126441013276548e-06,9.814604484470989e-06,5.818658350567506e-05,0.0001080726291047437,3.927878634869994e-05,6.065835728340126e-06,-2.7933637869390918e-05,-2.0500585622533984e-05,7.574536181594724e-05,3.078043393150749e-05
2018-01-05,UNH,1.6248938628503282e-05,4.941504977653039e-05,-1.0602618352051135e-06,-1.3159091797914425e-06,3.127045235568689e-05,2.278206827009718e-05,6.068272816097767e-06,1.3029436522682076e-05,1.0113085597377307e-05,2.37975542756076e-05,3.30938833884594e-06,3.927878634869994e-05,0.00011134030841203732,3.320008556491946e-05,3.879643900205418e-05,3.214093569430517e-05,4.369349757496002e-05,2.9658043146902697e-05
2018-01-05,XOM,3.1750104201208764e-05,1.140966292216306e-06,4.300176798282093e-06,4.264260220491762e-06,1.533265988296189e-05,5.2961010324988e-05,1.4035732772231486e-05,2.104946382850013e-05,2.1142259869303026e-05,6.1164099172534906e-06,3.7994067822247454e-05,6.065835728340126e-06,3.320008556491946e-05,6.016530422290924e-05,3.470237544214584e-05,-1.1925294182416837e-07,2.2151355219773743e-05,-2.583049889722285e-06
2018-01-05,JPM,-1.1612274081831288e-05,-1.0356799356731732e-05,-4.909165282966153e-05,-5.472595624340259e-05,-7.292439123039653e-05,-7.363582136000403e-05,1.4963725406147137e-05,-6.473024151004475e-05,1.5307631300026538e-05,4.859872339952214e-07,-2.3351417128942082e-05,-2.7933637869390918e-05,3.879643900205418e-05,3.470237544214584e-05,0.00013486814871934742,-2.1543831282549273e-05,2.410931037891932e-06,1.3832005871254572e-05
2018-01-05,WMT,-4.3838509225691165e-05,-1.8380236274599603e-05,-2.561435169312875e-05,-1.5172061750989977e-05,2.0701083007911795e-06,2.0165809989245473e-05,-0.00014214934082048042,-2.1147356691051593e-05,1.0130539948502769e-05,5.3963341621630444e-05,-1.311072796495612e-05,-2.0500585622533984e-05,3.214093569430517e-05,-1.1925294182416837e-07,-2.1543831282549273e-05,0.00017087715252499613,-3.0128203142272975e-05,1.884681854319216e-05
2018-01-05,NVO,5.0820149061441546e-05,9.461203972031511e-05,4.859929308720841e-05,4.390921528273872e-05,0.00010026160410563752,0.00013907059210118957,0.00018290803527475904,7.663642441480192e-05,2.9051767412282992e-05,-1.4320109925750528e-05,6.993558914414372e-05,7.574536181594724e-05,4.369349757496002e-05,2.2151355219773743e-05,2.410931037891932e-06,-3.0128203142272975e-05,0.0002397992719650136,5.542277644238312e-05
2018-01-05,JNJ,-4.875934698001954e-06,5.664663683721099e-05,1.8122906552869164e-05,1.769274991975266e-05,2.781790355041158e-05,2.458922066859999e-05,7.891862607047304e-05,2.0527505630922455e-05,-7.851693829880602e-06,3.307836043269718e-05,-5.660966287810349e-06,3.078043393150749e-05,2.9658043146902697e-05,-2.583049889722285e-06,1.3832005871254572e-05,1.884681854319216e-05,5.542277644238312e-05,6.163930667387016e-05
2018-01-08,AAPL,0.00017878590859143624,6.125940551352547e-05,9.298789646875811e-05,8.945295463031854e-05,0.00011843560451235592,0.00015656316917550696,0.00012431952742690192,0.0001132730962570659,3.910799751908046e-05,1.1654221774999023e-05,0.00010738513829485658,5.807908312060617e-05,1.3768486111059225e-05,3.174743140919978e-05,-8.691055465176828e-06,-2.983789532206341e-05,4.882698239057015e-05,-7.233851320811974e-06
2018-01-08,MSFT,6.125940551352547e-05,0.00014351344941024332,7.911800264035103e-05,7.744673369577889e-05,0.00010643833331959049,0.00014766585096260068,0.0001224074950709376,9.06809354173136e-05,-8.916404279175337e-07,1.7237466538586156e-05,3.5599207629798556e-05,9.297230904346602e-05,4.603407559708971e-05,2.6536205244715893e-07,-8.821719392777927e-06,-7.930326616721859e-06,9.368479677797211e-05,5.722140602991712e-05
2018-01-08,GOOG,9.298789646875811e-05,7.911800264035103e-05,0.0001515462552712239,0.0001490559038775655,0.00015859026801948926,0.00020997550365187416,0.00012301163449243712,0.0001487037137127603,-9.433452953676434e-06,1.094473204179464e-05,6.221784572893464e-05,8.269132718894271e-05,-6.958623772921545e-06,3.6414635937515306e-06,-4.950016077475202e-05,-8.498913054661255e-06,4.6392939967835134e-05,1.768302561074999e-05
2018-01-08,GOOGL,8.945295463031854e-05,7.744673369577889e-05,0.0001490559038775655,0.00014929467511330316,0.00015758020573356028,0.00020795155882678658,0.00010445224281747101,0.00014985436873880494,-8.535846493133005e-06,1.6393760544783442e-05,5.7067196364160515e-05,7.966546355798024e-05,-6.6297095378233656e-06,3.5975054263896846e-06,-5.5444777687505776e-05,7.334436594354283e-07,4.172536854446821e-05,1.7269610638822327e-05
2018-01-08,AMZN,0.00011843560451235592,0.00010643833331959049,0.00015859026801948926,0.00015758020573356028,0.00028873951233079225,0.000297772235453597,0.00015097620033708897,0.0001976031798524439,-6.302230650998101e-06,1.5092335635858142e-05,9.473287306989649e-05,0.00012839988156895102,1.7420953271163574e-05,1.6250956570129342e-05,-7.347222325478263e-05,3.017701515832426e-05,9.569147500120883e-05,2.7422339029957272e-05
2018-01-08,NVDA,0.00015656316917550696,0.00014766585096260068,0.00020997550365187416,0.00020795155882678658,0.000297772235453597,0.0005063470527961603,0.0001757542544817995,0.0002569588273131398,-2.239962970599023e-05,-2.0790067230046795e-05,0.00016381806078158813,0.00015255602173124555,4.233842394817172e-06,5.4259413524951095e-05,-7.3347830531479e-05,5.252800122754796e-05,0.00013065913789862404,2.395447150966786e-05
2018-01-08,TSLA,0.00012431952742690192,0.0001224074950709376,0.00012301163449243712,0.00010445224281747101,0.00015097620033708897,0.0001757542544817995,0.0005709835728217164,0.00013074943173578053,-1.0767063419635127e-06,-1.7149072981864494e-05,8.622912757505858e-05,8.667492521255276e-05,-4.2702102389183116e-05,1.6541370740034876e-05,1.4026574446275003e-05,-2.7597492041014876e-05,0.00014683767444929508,6.961839377786182e-05
2018-01-08,META,0.0001132730962570659,9.06809354173136e-05,0.0001487037137127603,0.00014985436873880494,0.0001976031798524439,0.0002569588273131398,0.00013074943173578053,0.00021432556644313013,-9.442890414592475e-06,1.784772781865857e-05,0.00011392372542289233,0.00011461598460633121,4.32755343693052e-06,2.123591705381137e-05,-6.482024371202168e-05,1.2383881811615392e-06,7.331386349601912e-05,1.979976462464825e-05
2018-01-08,HSBC,3.910799751908046e-05,-8.916404279175337e-07,-9.433452953676434e-06,-8.535846493133005e-06,-6.302230650998101e-06,-2.239962970599023e-05,-1.0767063419635127e-06,-9.442890414592475e-06,7.93390417124314e-05,1.928646653519976e-05,1.8071440954032552e-05,-2.4119309574150844e-06,1.6340788103201727e-05,2.0152803702425534e-05,1.5437264678708192e-05,-2.975426745959937e-06,3.054937437485773e-05,-7.68066592375417e-06
2018-01-08,LLY,1.1654221774999023e-05,1.7237466538586156e-05,1.094473204179464e-05,1.6393760544783442e-05,1.5092335635858142e-05,-2.0790067230046795e-05,-1.7149072981864494e-05,1.784772781865857e-05,1.928646653519976e-05,9.8136016714257e-05,5.974545455531023e-06,8.208279731594469e-06,2.7418190377560197e-05,5.123115877640186e-06,1.6053003057619858e-06,4.661278474912322e-05,-1.39005468784959e-05,3.296014004060732e-05
2018-01-08,TSM,0.00010738513829485658,3.5599207629798556e-05,6.221784572893464e-05,5.7067196364160515e-05,9.473287306989649e-05,0.00016381806078158813,8.622912757505858e-05,0.00011392372542289233,1.8071440954032552e-05,5.974545455531023e-06,0.00018109580871782606,5.705464436893018e-05,1.503853347594029e-06,3.8215515612826163e-05,-2.2686248408280883e-05,-6.578230075112799e-06,6.886355294112325e-05,-6.414413465310046e-06
2018-01-08,V,5.807908312060617e-05,9.297230904346602e-05,8.269132718894271e-05,7.966546355798024e-05,0.00012839988156895102,0.00015255602173124555,8.667492521255276e-05,0.00011461598460633121,-2.4119309574150844e-06,8.208279731594469e-06,5.705464436893018e-05,0.0001085424631970388,3.543245016603576e-05,5.7513269408421974e-06,-2.7461319766182862e-05,-1.0577601719458333e-05,7.468628370611068e-05,3.08293022030573e-05
2018-01-08,UNH,1.3768486111059225e-05,4.603407559708971e-05,-6.958623772921545e-06,-6.6297095378233656e-06,1.7420953271163574e-05,4.233842394817172e-06,-4.2702102389183116e-05,4.32755343693052e-06,1.6340788103201727e-05,2.7418190377560197e-05,1.503853347594029e-06,3.543245016603576e-05,0.00011324348650187141,3.061173703356208e-05,4.018548281564586e-05,1.909677655935064e-05,4.337845307855235e-05,2.827604996813546e-05
2018-01-08,XOM,3.174743140919978e-05,2.6536205244715893e-07,3.6414635937515306e-06,3.5975054263896846e-06,1.6250956570129342e-05,5.4259413524951095e-05,1.6541370740034876e-05,2.123591705381137e-05,2.0152803702425534e-05,5.123115877640186e-06,3.8215515612826163e-05,5.7513269408421974e-06,3.061173703356208e-05,6.182233812059025e-05,3.5671195426009865e-05,4.202148488669354e-06,2.164565086483883e-05,-2.782217534293023e-06
2018-01-08,JPM,-8.691055465176828e-06,-8.821719392777927e-06,-4.950016077475202e-05,-5.5444777687505776e-05,-7.347222325478263e-05,-7.3347830531479e-05,1.4026574446275003e-05,-6.482024371202168e-05,1.5437264678708192e-05,1.6053003057619858e-06,-2.2686248408280883e-05,-2.7461319766182862e-05,4.018548281564586e-05,3.5671195426009865e-05,0.0001374946598910899,-2.659210194734782e-05,3.680813136475067e-06,1.4478636160597885e-05
2018-01-08,WMT,-2.983789532206341e-05,-7.930326616721859e-06,-8.498913054661255e-06,7.334436594354283e-07,3.017701515832426e-05,5.252800122754796e-05,-2.7597492041014876e-05,1.2383881811615392e-06,-2.975426745959937e-06,4.661278474912322e-05,-6.578230075112799e-06,-1.0577601719458333e-05,1.909677655935064e-05,4.202148488669354e-06,-2.659210194734782e-05,0.0001698617859036114,-2.7915469042490296e-05,2.1022237477259462e-05
2018-01-08,NVO,4.882698239057015e-05,9.368479677797211e-05,4.6392939967835134e-05,4.172536854446821e-05,9.569147500120883e-05,0.00013065913789862404,0.00014683767444929508,7.331386349601912e-05,3.054937437485773e-05,-1.39005468784959e-05,6.886355294112325e-05,7.468628370611068e-05,4.337845307855235e-05,2.164565086483883e-05,3.680813136475067e-06,-2.7915469042490296e-05,0.00024000316980192155,5.5543498449383846e-05
2018-01-08,JNJ,-7.233851320811974e-06,5.722140602991712e-05,1.768302561074999e-05,1.7269610638822327e-05,2.7422339029957272e-05,2.395447150966786e-05,6.961839377786182e-05,1.979976462464825e-05,-7.68066592375417e-06,3.296014004060732e-05,-6.414413465310046e-06,3.08293022030573e-05,2.827604996813546e-05,-2.782217534293023e-06,1.4478636160597885e-05,2.1022237477259462e-05,5.5543498449383846e-05,6.281616975792876e-05
2018-01-09,AAPL,0.00017900338184606636,6.762700770869318e-05,9.626793628917596e-05,9.234473612935187e-05,0.000116147725161466,0.00016194628138689802,0.00013291490022126115,0.00011948646711124575,3.414602319276306e-05,1.1279789030482197e-05,0.00011098305151433763,6.307168813153765e-05,1.7935858774585668e-05,3.2021110893018425e-05,-5.838288084486248e-06,-2.4819370574530935e-05,4.98117886238462e-05,-1.8832596544138537e-06
2018-01-09,MSFT,6.762700770869318e-05,0.00014369189115945533,8.081649207200103e-05,7.929460834195512e-05,0.00011635198114410929,0.00014783987037978035,0.00011467208598092494,9.010576294827128e-05,3.590605933499051e-06,1.8384287304276716e-05,3.530507924552076e-05,9.313965565860608e-05,4.462464731934788e-05,1.1887132265945185e-06,-1.1360241152383039e-05,-6.6819840217614065e-06,9.447092798616347e-05,5.0324755772930256e-05
2018-01-09,GOOG,9.626793628917596e-05,8.081649207200103e-05,0.00015523807720416524,0.00015271339590709691,0.0001655972581330068,0.00021234144146540078,0.00012155870011620281,0.00015129396526879875,-1.0185003563606771e-05,1.1570005663933497e-05,6.335364750749485e-05,8.472869661644996e-05,-7.717609841525188e-06,4.663172700883841e-06,-5.124432775976131e-05,-4.567988927248582e-06,4.6651418276257256e-05,1.4643994071763785e-05
2018-01-09,GOOGL,9.234473612935187e-05,7.929460834195512e-05,0.00015271339590709691,0.00015297263552363702,0.00016413424035478994,0.00021033308313385879,0.00010381367672887615,0.0001525976836388465,-9.601730773308494e-06,1.714825021707641e-05,5.826954658982427e-05,8.178245152891762e-05,-7.2716002414481485e-06,4.715304414714253e-06,-5.723238129708239e-05,4.472856894377138e-06,4.189248428086946e-05,1.4198443815884292e-05
